100
459 297 300 1
444 444 300 1
670 549 300 1
360 667 300 1
825 625 300 1
218 800 250 1
375 449 300 1
547 966 100 1
158 410 250 1
766 344 300 1
445 863 250 1
181 697 300 1
359 897 250 1
316 894 100 1
251 706 250 1
53 391 300 1
864 167 250 1
797 124 250 1
281 811 250 1
103 7 250 1
980 535 250 1
435 149 300 1
162 35 250 1
323 558 250 1
206 7 100 1
581 191 300 1
688 147 300 1
343 77 250 1
528 217 250 1
630 262 300 1
955 911 100 1
663 705 250 1
768 495 100 1
569 600 100 1
924 505 300 1
535 731 250 1
333 424 100 1
793 688 100 1
516 756 300 1
845 277 300 1
355 237 300 1
711 121 100 1
537 513 100 1
827 145 300 1
868 425 300 1
844 172 300 1
180 964 250 1
322 711 250 1
416 501 300 1
607 113 250 1
417 366 250 1
802 770 100 1
971 539 250 1
555 801 300 1
464 976 250 1
558 383 300 1
781 845 100 1
812 283 250 1
322 904 100 1
926 485 250 1
895 801 300 1
672 876 300 1
725 305 100 1
142 750 300 1
336 978 100 1
720 191 100 1
925 684 300 1
424 865 300 1
877 2 300 1
260 617 250 1
498 86 300 1
331 980 250 1
977 581 250 1
528 843 100 1
712 308 300 1
975 397 300 1
147 624 300 1
276 323 250 1
668 809 250 1
671 837 300 1
719 438 250 1
869 952 250 1
310 423 300 1
808 87 300 1
822 85 250 1
433 768 250 1
608 643 300 1
750 857 250 1
933 728 250 1
375 131 100 1
352 666 3785 0
519 468 12411 0
976 312 3096 0
863 2 1095 0
635 188 4000 0
72 378 1000 0
400 767 3000 0
529 978 2000 0
763 135 1000 0
620 455 1000 0
