50
10 780 300 1
532 993 250 1
174 398 100 1
999 441 300 1
638 456 250 1
681 616 300 1
571 311 300 1
489 912 300 1
299 832 100 1
58 615 250 1
216 976 100 1
871 594 300 1
986 404 250 1
856 592 100 1
166 606 250 1
945 97 250 1
816 583 250 1
393 836 250 1
895 623 100 1
383 788 300 1
238 345 100 1
581 95 100 1
899 548 100 1
300 791 250 1
304 695 100 1
137 971 250 1
267 889 300 1
756 961 100 1
281 457 100 1
672 85 300 1
103 603 100 1
845 259 300 1
914 388 250 1
593 733 100 1
283 739 250 1
123 53 250 1
913 770 100 1
252 805 300 1
29 815 300 1
21 826 300 1
236 215 6967 0
555 141 191 0
654 725 1024 0
437 347 228 0
635 212 102 0
120 722 34 0
131 355 4 0
544 313 6967 0
791 414 1000 0
805 156 2000 0
