139
713286.0 5008029.0 280.0 1
713354.0 5007808.0 524.0 1
713506.0 5007832.0 238.0 1
713507.0 5007681.0 400.0 1
713568.0 5007704.0 337.0 1
713612.0 5007557.0 957.0 1
713902.0 5007342.0 999.0 1
714005.0 5007241.0 686.0 1
713890.0 5007170.0 1505.0 1
713971.0 5007113.0 511.0 1
713976.0 5006961.0 250.0 1
713897.0 5007000.0 485.0 1
713553.0 5007802.0 202.0 1
713648.0 5007736.0 486.0 1
713709.0 5007536.0 502.0 1
713844.0 5007541.0 770.0 1
713696.0 5007484.0 799.0 1
713661.0 5007446.0 551.0 1
713903.0 5007444.0 563.0 1
713973.0 5007553.0 796.0 1
714076.0 5007544.0 1151.0 1
714104.0 5007659.0 1080.0 1
714501.0 5007933.0 386.0 1
714401.0 5007960.0 707.0 1
714620.0 5008010.0 621.0 1
714572.0 5008073.0 560.0 1
714616.0 5008155.0 800.0 1
714613.0 5008169.0 285.0 1
714588.0 5008188.0 510.0 1
714801.0 5008415.0 348.0 1
713257.0 5008140.0 60.0 1
713411.0 5007956.0 474.0 1
713777.0 5007866.0 337.0 1
713822.0 5007894.0 112.0 1
713859.0 5007902.0 128.0 1
713991.0 5007826.0 146.0 1
714011.0 5007708.0 45.0 1
714098.0 5007699.0 291.0 1
714114.0 5007771.0 313.0 1
714107.0 5007977.0 77.0 1
714234.0 5007981.0 177.0 1
714668.0 5008467.0 200.0 1
714760.0 5008589.0 372.0 1
714880.0 5008678.0 204.0 1
714929.0 5008726.0 463.0 1
714799.0 5008824.0 200.0 1
714797.0 5008875.0 164.0 1
714919.0 5008929.0 290.0 1
714927.0 5008848.0 276.0 1
714998.0 5008824.0 158.0 1
714996.0 5008879.0 131.0 1
715057.0 5008954.0 218.0 1
715037.0 5008727.0 419.0 1
715134.0 5008827.0 29.0 1
715257.0 5008781.0 192.0 1
713028.0 5008496.0 199.0 1
713160.0 5008468.0 227.0 1
713126.0 5008392.0 287.0 1
713136.0 5008316.0 201.0 1
713218.0 5008028.0 562.0 1
713600.0 5007658.0 582.0 1
713680.0 5007616.0 352.0 1
713780.0 5007650.0 221.0 1
713803.0 5007643.0 524.0 1
713902.0 5007747.0 911.0 1
714018.0 5007791.0 246.0 1
714126.0 5007838.0 373.0 1
714184.0 5007761.0 490.0 1
714263.0 5007822.0 409.0 1
714254.0 5007733.0 295.0 1
714314.0 5007778.0 100.0 1
714424.0 5007773.0 1016.0 1
714383.0 5007865.0 644.0 1
714308.0 5007910.0 624.0 1
714320.0 5007972.0 70.0 1
714379.0 5007997.0 1128.0 1
714414.0 5008145.0 655.0 1
714795.0 5008515.0 295.0 1
714872.0 5008528.0 502.0 1
714963.0 5008586.0 324.0 1
715021.0 5008565.0 275.0 1
715001.0 5008634.0 339.0 1
715190.0 5008692.0 443.0 1
715342.0 5008634.0 162.0 1
713971.0 5006858.0 462.0 1
714057.0 5006746.0 509.0 1
714107.0 5006761.0 170.0 1
714101.0 5006914.0 889.0 1
714210.0 5006788.0 549.0 1
714259.0 5006951.0 274.0 1
714307.0 5006879.0 469.0 1
714403.0 5006960.0 77.0 1
714474.0 5007132.0 801.0 1
714554.0 5007031.0 360.0 1
714650.0 5007090.0 424.0 1
714711.0 5007312.0 701.0 1
714583.0 5007341.0 358.0 1
714553.0 5007393.0 297.0 1
714537.0 5007423.0 214.0 1
714315.0 5007635.0 369.0 1
714385.0 5007652.0 568.0 1
714435.0 5007656.0 53.0 1
714502.0 5007635.0 160.0 1
714572.0 5007679.0 216.0 1
714694.0 5007773.0 21.0 1
714741.0 5007649.0 288.0 1
714942.0 5007817.0 200.0 1
714971.0 5007786.0 332.0 1
715231.0 5007939.0 186.0 1
713890.0 5006880.0 501.0 1
713870.0 5006921.0 43.0 1
714079.0 5007031.0 82.0 1
714130.0 5007027.0 250.0 1
714154.0 5007140.0 160.0 1
714223.0 5007163.0 67.0 1
714312.0 5007115.0 254.0 1
714350.0 5007161.0 390.0 1
714336.0 5007234.0 106.0 1
714473.0 5007225.0 370.0 1
714519.0 5007235.0 270.0 1
714565.0 5007225.0 570.0 1
714515.0 5007168.0 130.0 1
714150.0 5007248.0 250.0 1
714012.0 5007441.0 115.0 1
714200.0 5007509.0 545.0 1
714251.0 5007469.0 561.0 1
714225.0 5007591.0 404.0 1
714211.0 5007687.0 968.0 1
714317.0 5007714.0 695.0 1
714535.0 5007735.0 777.0 1
714486.0 5007875.0 1280.0 1
714792.0 5008219.0 395.0 1
714855.0 5008376.0 179.0 1
714994.0 5008448.0 145.0 1
715194.0 5008526.0 189.0 1
715363.0 5008481.0 173.0 1
712956.0 5008581.0 30000.0 0
713862.0 5006745.0 30000.0 0
715357.0 5008394.0 25100.0 0
